1000
458
438
889
334
946
394
155
721
77
884
923
123
357
754
315
754
340
524
732
297
900
693
521
886
851
965
629
161
903
934
252
646
585
749
451
809
788
362
197
43
277
648
75
6
925
956
870
804
860
777
691
898
184
237
998
361
286
468
325
824
501
135
126
669
240
786
79
388
470
212
819
237
407
66
3
369
281
881
375
807
283
5
687
477
346
594
739
342
170
804
143
948
988
78
472
168
726
272
148
426
741
448
468
258
980
89
693
111
325
687
232
139
725
59
775
944
922
661
222
153
684
587
578
998
7
275
714
154
255
609
972
258
515
259
885
219
96
657
251
888
629
815
588
93
219
532
626
628
896
985
996
225
728
440
673
30
887
98
108
188
578
699
928
334
977
277
615
549
230
185
255
975
355
5
114
167
419
872
417
134
853
718
405
48
886
295
69
680
652
8
610
360
73
696
548
96
958
462
555
369
301
250
580
581
591
387
467
935
987
639
272
819
891
751
381
817
845
523
547
801
894
191
779
276
58
814
534
989
210
373
516
767
940
170
289
19
508
122
197
796
38
234
50
708
299
141
603
632
734
683
670
344
549
784
230
964
722
12
952
378
166
190
872
718
636
59
440
614
50
426
208
959
46
802
189
692
516
269
692
532
404
65
414
314
364
765
346
486
475
546
507
344
933
175
426
184
130
500
957
441
695
562
729
551
418
941
781
263
609
425
677
604
604
477
297
4
689
70
299
287
457
416
15
827
557
659
433
750
19
223
601
829
216
730
254
184
265
463
946
617
721
677
222
255
669
268
167
53
935
521
377
777
246
695
777
800
714
550
658
438
836
14
913
771
837
70
225
180
828
518
768
364
319
576
711
448
912
688
160
161
471
711
333
123
195
174
468
986
347
896
671
742
19
866
767
667
207
560
391
326
953
484
722
813
775
144
958
74
972
773
537
863
36
910
736
581
900
555
11
279
521
234
201
798
736
669
103
319
722
192
880
659
561
249
73
572
348
826
47
473
586
324
396
449
846
101
420
971
328
798
712
732
482
867
286
814
533
823
589
717
822
215
849
223
272
9
854
886
802
266
105
252
850
76
865
577
587
678
254
15
40
849
114
775
313
338
195
628
209
551
944
992
757
459
710
592
548
642
473
683
738
834
419
965
528
901
631
109
348
940
930
145
404
249
30
90
385
245
338
929
601
569
195
113
950
883
92
563
333
250
528
589
779
976
41
206
176
889
453
421
365
979
652
700
66
188
144
413
13
182
558
650
967
491
385
562
101
478
380
51
270
386
694
5
229
245
675
583
954
500
967
125
199
720
406
585
224
154
720
939
773
952
780
569
443
22
416
912
279
857
231
416
228
615
287
88
49
330
980
392
481
185
704
347
17
811
530
864
857
477
989
391
941
432
78
847
546
759
780
76
483
943
483
900
680
761
869
413
453
393
669
356
738
299
735
693
814
286
872
593
838
983
395
344
546
196
774
191
524
897
170
718
438
445
83
691
294
238
64
740
567
286
74
751
73
955
888
860
727
960
908
315
453
200
517
364
186
944
666
392
900
114
656
337
691
681
444
277
63
911
455
106
796
476
19
94
833
317
404
95
639
65
50
323
421
527
838
590
802
97
788
913
686
768
792
888
563
166
643
119
892
50
398
330
4
292
106
530
468
145
606
183
351
846
170
893
958
281
164
531
901
524
945
11
501
903
799
932
136
576
882
582
493
235
284
888
300
87
910
37
540
531
160
77
724
316
901
232
742
375
108
721
800
902
552
36
236
138
922
134
229
944
307
657
371
114
176
146
578
135
207
187
42
906
177
14
413
686
480
642
353
857
463
407
267
98
324
122
779
25
360
145
150
953
294
797
780
803
447
594
249
3
153
908
86
40
522
610
496
425
328
698
185
867
458
289
154
507
258
833
514
528
898
570
937
425
258
588
290
879
242
533
354
85
536
504
873
839
465
476
717
328
654
718
497
791
168
83
638
864
312
381
385
641
807
155
941
974
33
61
436
874
950
59
938
900
591
65
19
313
119
535
606
845
333
445
997
136
209
572
144
119
556
110
52
704
350
882
357
753
408
561
447
224
713
908
559
463
933
182
753
311
24
561
154
808
791
252
188
908
951
589
480
215
8
802
333
16
561
63
420
65
744
651
655
998
318
774
982
340
659
94
393
262
376
866
499
823
426
387
961
903
803
648
842
500
240
409
738
933
429
723
740
537
58
935
729
398
261
584
562
380
684
295
943
749
549
416
530
685
16
9
129
78
253
139
292
335
207
632